0100100101000000
0100100101000000
0001000000000000
0011100011100000
0100111100100000
0100100111000000
0000000000000000
0100111110100000
0000000000000000
1010010001000000
0000000000000000
0000000000000000
0000000000000000
0000000000000000
1001110000000000
0001000000000000
0011000011100000
0000000000000000
1111000000000000
0000000000000000
0000000000000000
0000000000000000
0000000000000000
0000000000000000
0000000000000000
0000000000000000
0000000000000000
0000000000000000
0000000000000000
0000000000000000
0000000000000000
0000000000000000
1001000010000000
0000000000100000
1001000000100000
0000000000101100
0100100100100001
0100101101100001
0100101101100001
0100000111100001
1000000000100000
1000100000000000
0000000000000000
0000000000000000
0000000000000000
0000000000000000
0000000000000000
0000000000000000
0000000000000000
0000000000000000
0000000000000000