0100100101000000
0001000000000000
0000000000000000
0000000000000000
0000000000000000
0000000000000000
0000000000000000
0000000000000000
0000000000000000
0000000000000000
0000000000000000
0000000000000000
1111000000000000
0000000000000000
0000000000000000
0000000000000000
0000000000000000
0000000000000000
0000000000000000
0000000000000000
0000000000000000
0000000000000000
0000000000000000
0000000000000000
0000000000000000
0000000000000000
0000000000000000
0000000000000000
0000000000000000
0000000000000000
0000000000000000
0000000000000000
0000000000000000
1001000010000000
0000000000100000
1001000000100000
0000000000001100
1001000001000000
0000000000000010
0000000000000000
0000000000000000
0000000000000000
0000100000000000
0100100101000000
0000000000000000
0000000000000000
0000000000000000
0000000000000000
0000000000000000
0000000000000000
1010001000100000
0000000000000000
0000000000000000
0000000000000000
0000000000000000
1000000000100000
1110000010000000
1010001000100000
0000000000000000
0000000000000000
0000000000000000
1010001001000000
0000000000000000
0000000000000000
0000000000000000
0000000000000000
0100100101000000
0100100101000000
0000000000000000
0000000000000000
0100100101000000
0100100101000000
0000000000000000
0000000000000000
0000000000000000
0000000000000000
0000000000000000
0000000000000000
0000000000000000
0000000000000000
0000000000000000
